

działa wizualizacja i srednia

interpolacja troche odpierdala
i wielomianowa nie działa

[  26.58153047  -12.95159857   26.61486381   12.72314334   50.59956283
   59.27160533   13.46101584   94.32433132   26.99665887    2.8350332
   93.91120833  -57.86986651    3.61025772   43.18877663 -138.62096424
   34.48008034  -36.00845712 -152.43925185   90.54746453 -109.81060625
  -71.94503951  137.35076429 -150.52001764   74.23530626  128.3377926
 -145.32547667  215.15911408   37.89102033  -94.04819541  276.73766132
 -111.86244988   -3.88586179  222.15089704 -251.69972635  110.45100838
   70.13169283 -298.2563797   220.81782596 -115.17792414 -208.8171294
  307.30144173 -342.40263753  307.2681084 ]

  [ 1.39000000e+00  3.34739139e+07 -9.72116750e+08  1.17278808e+10
 -7.99743501e+10  3.50463161e+11 -1.05736557e+12  2.28600858e+12
 -3.61929054e+12  4.22237857e+12 -3.58399982e+12  2.10903292e+12
 -7.30876786e+11  2.13380396e+10  1.18544216e+11 -5.42719209e+10
  3.79085647e+09  4.91118888e+09 -1.38377775e+09 -2.44688476e+08
  1.58382245e+08  5.86877507e+06 -1.67912650e+07  3.03684047e+06
  3.06242343e+05 -1.45219955e+05  4.18870943e+03  4.12512667e+03
 -8.01749879e+02 -1.17906431e+01  1.75722149e+00  3.60895046e+01
 -1.67705963e+01  2.19168050e+00  3.32758660e-01 -1.27240884e-01
  9.30961644e-03  9.89168572e-04 -1.74276534e-04  4.85018831e-06
  2.27580395e-07]